

IDADE	ANO	Mulheres	Homens	Ambos
0	2000	0.0249710191748541	0.032572374271601	0.0288335682311102
1	2000	0.00104892627217668	0.001249494616144	0.00115023215350591
5	2000	0.000309852168446067	0.000442807054604068	0.000376489082507096
10	2000	0.00033708797359667	0.000534970333463326	0.000436038137256896
15	2000	0.00059044394681558	0.00194652254187062	0.00126580475369664
20	2000	0.000738104315362976	0.00301779341546816	0.00186651471982953
25	2000	0.000933671309259504	0.00325097952436119	0.00207485243728619
30	2000	0.0012792587416014	0.00370471747530861	0.00246560950076958
35	2000	0.00180524619699228	0.0044717160047373	0.00310266724302909
40	2000	0.0026951028508986	0.00575548435972583	0.00418439309228163
45	2000	0.00398616144633869	0.00774562524064571	0.00581358389663221
50	2000	0.00591273765164464	0.0106812487653587	0.00823056996503308
55	2000	0.00874667665948205	0.015036830836844	0.0117829089364854
60	2000	0.0133354217992944	0.0216534454060133	0.0172832123860045
65	2000	0.0197287393066323	0.031569423948662	0.0251973911178279
70	2000	0.0268750775400866	0.0436559784330897	0.0343898219185264
75	2000	0.0449137136153584	0.0652140600688387	0.0537199443052758
80	2000	0.0772236832041982	0.099896993621282	0.0864781064944538
85	2000	0.125559361479424	0.145220226243354	0.133317102314129
90	2000	0.188211837471929	0.200163086410315	0.192835501107438
0	2001	0.0234376522044069	0.0300747601603721	0.0268179282905423
1	2001	0.000971066881459723	0.00114389502493855	0.00105855178530714
5	2001	0.000306491444953686	0.000429487534373617	0.000368196473272375
10	2001	0.000333928281458025	0.00052041472064211	0.000427207631494269
15	2001	0.000571373931714288	0.00197915785721289	0.00127294853119214
20	2001	0.000711316545039302	0.00304226007030355	0.00186482666157161
25	2001	0.000905175883062169	0.00322649885834678	0.00204841002247107
30	2001	0.0012245837023146	0.00363714312128725	0.00240490571202799
35	2001	0.00174473037742008	0.00437044417828209	0.00302132613181121
40	2001	0.00259219385022911	0.00561958927489749	0.00406297389657514
45	2001	0.00389578048036993	0.00760147894883314	0.00569400006773723
50	2001	0.00576465574024565	0.0104808144225132	0.00805232207053706
55	2001	0.00847065191739926	0.0146748622105287	0.0114624560643164
60	2001	0.0129956926502653	0.0212318050519517	0.0169041733465204
65	2001	0.0192708530436496	0.0309376882603427	0.024659270428368
70	2001	0.0262778509952419	0.0430013019087254	0.0337488365214671
75	2001	0.0444753468343886	0.0650210476895287	0.0533272666451492
80	2001	0.0748469818866015	0.0970743065606272	0.0839567382576838
85	2001	0.125022470138914	0.14536795603922	0.132974852429854
90	2001	0.189015149582353	0.201909070935087	0.193984306887533
0	2002	0.0220273934323875	0.0286316104420675	0.0253979713873507
1	2002	0.000925592184708717	0.00107861402941512	0.00100321761731121
5	2002	0.000303755256746616	0.000417338848680767	0.000360818608873088
10	2002	0.000322396715606488	0.000511419674802394	0.000416975649381469
15	2002	0.000564170797402357	0.00197717264312034	0.00126870926056936
20	2002	0.000686350740101238	0.00303216816794199	0.00184722422499631
25	2002	0.000883115403241888	0.00320607568263153	0.00202713000760851
30	2002	0.00118311525110668	0.00356482000882566	0.00234856272133749
35	2002	0.00168424743505166	0.00426693213909105	0.00293941669381731
40	2002	0.00249717868870542	0.00547348215568051	0.00394067410356853
45	2002	0.00380205427966887	0.00746888854424592	0.00557881819481251
50	2002	0.00555857350865574	0.0102467768736236	0.00782759277010693
55	2002	0.00828833959551457	0.0143741966040943	0.0112197071850701
60	2002	0.0126117679565086	0.0209240435211164	0.0165555215188128
65	2002	0.0188538960171842	0.0303702473960864	0.0241751407892614
70	2002	0.0258032908597524	0.0425893505916547	0.0332857167790623
75	2002	0.0441405225469835	0.064972431309065	0.0530717057231236
80	2002	0.0733506801035299	0.0959744844120902	0.0826301724046926
85	2002	0.12461881571162	0.1463872208153	0.133050434600035
90	2002	0.19003442298772	0.20483547588159	0.195704689900298
0	2003	0.0214737289959989	0.0271580776708843	0.0243797658683278
1	2003	0.000867469791920853	0.00100673864437778	0.000938266055434626
5	2003	0.000297764273044965	0.000406645580492006	0.000352565349517795
10	2003	0.000315218179475301	0.000493835012556729	0.000404621077205577
15	2003	0.000552934907591777	0.00195874308612608	0.00125416993088937
20	2003	0.00067363854717294	0.00301480608113819	0.00183255091155762
25	2003	0.000851551280269063	0.00313438892859394	0.00197560148792602
30	2003	0.00113871641481261	0.00345163889618549	0.00227069847087434
35	2003	0.00163510584801252	0.00417732330522904	0.00287035909472239
40	2003	0.00241429604497207	0.00537485417574125	0.00384803095682116
45	2003	0.00370838446865579	0.00731679293054989	0.00545450950712908
50	2003	0.00541035155006703	0.0100843056737496	0.0076672911723759
55	2003	0.00804805078439413	0.0141213241727525	0.010969461422931
60	2003	0.0123606166281597	0.0206564350795347	0.0162951703817627
65	2003	0.0186186780595211	0.0298912181236081	0.0238304697018674
70	2003	0.0254734236345355	0.0421478025908911	0.0328929129668539
75	2003	0.0439456727772336	0.0646975025217898	0.0528098352203423
80	2003	0.072579082449806	0.0955264273184601	0.0819770763380049
85	2003	0.124197367468696	0.146867319576092	0.132905397122575
90	2003	0.190523541054962	0.207075962539022	0.196814171643918
0	2004	0.0200141709293876	0.0249290472411035	0.0225299008138055
1	2004	0.000820379304420414	0.000938078758697486	0.000880332782938827
5	2004	0.000284506134080512	0.000384531829060707	0.000334956082668964
10	2004	0.000300085715665722	0.00047986198408932	0.000390105489439604
15	2004	0.000539961317080874	0.00191985972218914	0.00122851666361429
20	2004	0.000647838109164043	0.00289309690233687	0.00175989076798757
25	2004	0.000825323428453917	0.00300673467893045	0.00189910218903318
30	2004	0.00109877799979556	0.00331296219823686	0.00218265822109817
35	2004	0.00157493529401579	0.00403672867328219	0.00277123077961226
40	2004	0.00233370063775448	0.0052055827989438	0.00372267577474175
45	2004	0.00357828941385529	0.00714104946790937	0.00529999959136472
50	2004	0.00522104343805389	0.00987916015915973	0.00746546966250472
55	2004	0.00774573029987963	0.013746499995911	0.0106277859378524
60	2004	0.0118791141585467	0.0200661313723247	0.0157602157981354
65	2004	0.0181866196708677	0.0292383137268611	0.0232990789028123
70	2004	0.0247218924504243	0.0412265213662978	0.0320581423825033
75	2004	0.0429741868348467	0.0637019655075744	0.0518019581666409
80	2004	0.0711368427676914	0.0946909963337776	0.0807567276176691
85	2004	0.122384341725483	0.146293927520852	0.131499360063009
90	2004	0.188653198956989	0.207565506672149	0.195770768447322
0	2005	0.0186632309081744	0.0234743075148035	0.0211275902451893
1	2005	0.000761322479866978	0.000870443773242652	0.000817014256132964
5	2005	0.000276814739650863	0.00037239364662658	0.000325127210812762
10	2005	0.000296311459502021	0.000465694919668777	0.000381178706238085
15	2005	0.000523251728160135	0.00190960960260829	0.0012152539788401
20	2005	0.000633069279901345	0.00279898955849746	0.00170660559346568
25	2005	0.000794967275462947	0.00289744640724776	0.00182958171115038
30	2005	0.00106429873764567	0.00320017303829767	0.00211008271825636
35	2005	0.001537089723923	0.00389956879320316	0.00268548870875952
40	2005	0.00225417370898687	0.00505721249121525	0.0036084734895344
45	2005	0.0034638303790902	0.00692298056899494	0.00513308632990041
50	2005	0.00508179970616015	0.0096971179195855	0.0073013284490446
55	2005	0.00749961729546182	0.0134216971966232	0.0103388996790012
60	2005	0.0114727972887384	0.0193311528948596	0.0151960445695631
65	2005	0.0177319724655119	0.0286089641217863	0.0227652092616822
70	2005	0.0241470271634341	0.0401618302078361	0.0312647764309374
75	2005	0.0421733715104866	0.0624283235804393	0.0507783725384275
80	2005	0.0702929433188071	0.0936662772721867	0.0798102174396017
85	2005	0.121099895513258	0.144595111815846	0.129996524671138
90	2005	0.187823952184115	0.207038277581945	0.194977252245507
0	2006	0.017272468883645	0.0214184510109494	0.0193920091598595
1	2006	0.000713903151216146	0.000808348087122439	0.000762178751844181
5	2006	0.000269132359318067	0.000360671951046706	0.000315506512185677
10	2006	0.000290043645213067	0.000453088929469731	0.000371815305427121
15	2006	0.000506660432964579	0.00190526211854192	0.0012049846637532
20	2006	0.000610595032469197	0.0027463127303211	0.00166992686039593
25	2006	0.000782903096789141	0.00283675233368566	0.00179345530077041
30	2006	0.00104069634805264	0.00311959100326894	0.00205877867735187
35	2006	0.00149214138385588	0.00376135558375029	0.00259565791913634
40	2006	0.00219608997169508	0.00488208660225451	0.00349303635449073
45	2006	0.00333742007862069	0.0067007626444437	0.00495796701781125
50	2006	0.00489343699612063	0.00942579794203335	0.00706959535095566
55	2006	0.00727398360318972	0.0130769145774173	0.0100506385893989
60	2006	0.0110316990216728	0.0186029734235529	0.0146167440833491
65	2006	0.0170966441944496	0.027808570472875	0.0220540530127467
70	2006	0.0235027749520198	0.0390312558416236	0.0304102210049542
75	2006	0.0412179288755468	0.0610367478281226	0.0496202082357325
80	2006	0.0700858379850734	0.0935985361932279	0.0795787558223224
85	2006	0.117208718949004	0.139149539811283	0.125572303982765
90	2006	0.18655708736893	0.206509066199349	0.193902352318481
0	2007	0.0161322085968727	0.020192775776458	0.0182083556792175
1	2007	0.000677442850757871	0.000768670074452925	0.000724098350405221
5	2007	0.000266752104484859	0.000357195329390548	0.000312669957544179
10	2007	0.000289114754242617	0.000445691759166258	0.000367754442157834
15	2007	0.000500514764089439	0.00190308059943512	0.00120104973028501
20	2007	0.000600905649857667	0.00276808369140296	0.00167645785630797
25	2007	0.000764720611424734	0.00283418540428554	0.00178308002802856
30	2007	0.00102070562918558	0.00307794454923738	0.00202830266810942
35	2007	0.00146771545393425	0.00368432354065426	0.00254607283490089
40	2007	0.0021750586560957	0.00482750221308199	0.00345551429797367
45	2007	0.00326371184173606	0.00655198921556613	0.00484565284776459
50	2007	0.004824615647582	0.00930777727254786	0.00697431335007531
55	2007	0.00715149576067829	0.0128854925735717	0.00988922008403256
60	2007	0.0109108485835112	0.0183332679410996	0.0144228655775478
65	2007	0.016733195181214	0.0274315072809721	0.0216842904436741
70	2007	0.0231799940212747	0.0385558391049617	0.0300288167018916
75	2007	0.0405981201368727	0.0603945536759581	0.0489762363920663
80	2007	0.0700823551170052	0.0938262800460314	0.0796186595146339
85	2007	0.115692226183512	0.137866397659061	0.124154142908042
90	2007	0.186329057338772	0.20717798472324	0.193916745578204
0	2008	0.0155789661331295	0.018881397414699	0.01726778160397
1	2008	0.000643522517235907	0.00072994793122557	0.000687726822269518
5	2008	0.000260006444331504	0.000345273468080037	0.000303384945343391
10	2008	0.000284796403687225	0.000440687794210159	0.000363236054538289
15	2008	0.000494489118925443	0.00188738881321826	0.001190443386324
20	2008	0.000604143207365912	0.0028100261459071	0.00169936393940657
25	2008	0.000764283234401938	0.00284335793844081	0.00178777951680558
30	2008	0.00101536928620843	0.00305838935226016	0.00201595788852843
35	2008	0.00145228372650383	0.00363637129784429	0.00251520239242313
40	2008	0.00217036670122652	0.00475711451252659	0.00341908998405464
45	2008	0.00320744345483218	0.00643373122694438	0.00475755541169424
50	2008	0.00477525619100548	0.00918115296341299	0.0068854431842565
55	2008	0.00699786312968293	0.0127264047231215	0.00972690227534243
60	2008	0.0106197447763733	0.0179912799430533	0.0141043047251416
65	2008	0.016442683357071	0.0269663390047275	0.0213127538479594
70	2008	0.0228475499278337	0.0380389357716761	0.0296238101866986
75	2008	0.0399628252788104	0.0595610333626787	0.0482468521934397
80	2008	0.06963975649045	0.0932517952020356	0.0790924127912265
85	2008	0.114881617048659	0.138258100486046	0.123781729722409
90	2008	0.184986176589311	0.207490880490352	0.193079954350816
0	2009	0.0146747055234392	0.0181314067629732	0.0164426195825348
1	2009	0.000615734039213616	0.000703850516995154	0.000660794797376802
5	2009	0.000253318738302469	0.000334318913999258	0.000294605413449642
10	2009	0.000283941950216523	0.000437356639429641	0.000361298839809344
15	2009	0.000494957339887379	0.00187670771713798	0.00118563369819389
20	2009	0.000610370797994114	0.00284214064761681	0.00171880588834707
25	2009	0.000755160953918684	0.00283577407623173	0.00178005093034982
30	2009	0.0010080178911268	0.0030316719382687	0.00199892726134683
35	2009	0.00143193725908357	0.00358936094879844	0.00248224770997085
40	2009	0.00213041897791861	0.00469871628985344	0.00337058120457095
45	2009	0.00317010987860859	0.00634711015628004	0.00469483568075117
50	2009	0.00472715072772104	0.00907613646553624	0.00680765685745065
55	2009	0.00687353921341361	0.0126416477872488	0.00961565042653511
60	2009	0.0104132952236815	0.0177971982581379	0.0138991767021979
65	2009	0.0162132131582778	0.0266055016221572	0.0210223401489201
70	2009	0.0225132590643898	0.0377324744146768	0.0293093113533168
75	2009	0.0393625673626431	0.0591011917083124	0.0477022096503095
80	2009	0.0690464760191422	0.0928852463500738	0.0785681247883108
85	2009	0.115109151779907	0.14019539450629	0.124623624926712
90	2009	0.184296212590411	0.208863715603271	0.193019583660351
0	2010	0.0137713216961105	0.0165608654175956	0.0151982652094024
1	2010	0.000583693385489785	0.000675041371532899	0.000630391901404375
5	2010	0.000247435505897085	0.000320737915027336	0.000284864058484922
10	2010	0.000275768087622987	0.000431087522738572	0.000354258162756671
15	2010	0.000500889859061116	0.00188745994041771	0.00119442069090067
20	2010	0.000616978718015859	0.00284227486915066	0.00172252047323874
25	2010	0.000752691941799789	0.00280438916007234	0.0017640873921452
30	2010	0.000999971230865478	0.00301118868230307	0.00198456046431733
35	2010	0.00140437905619003	0.00354173810808631	0.00244525876250391
40	2010	0.00209616225896914	0.00462381591150368	0.00331726869347689
45	2010	0.0031198877326699	0.00626667131983463	0.00462883098060582
50	2010	0.00464216483139725	0.00892842604382757	0.00669012663422727
55	2010	0.00678851103687326	0.0125391336406273	0.00951726008638258
60	2010	0.0102166807329426	0.0176533585177871	0.0137217148616124
65	2010	0.0159713555995621	0.0260533037926357	0.0206367354909525
70	2010	0.0228744735372178	0.0379073347095111	0.029591799466446
75	2010	0.0389845083366155	0.0584535090841124	0.0472144086271689
80	2010	0.0675813097736317	0.0906104923477906	0.0767629794924844
85	2010	0.114373229745236	0.138922865584012	0.123653211426837
90	2010	0.188816805471292	0.207422049352802	0.19534553818753
0	2011	0.013555370127882	0.0162968788557878	0.0149580106807252
1	2011	0.000555387947579002	0.000647604368870547	0.000602544199699202
5	2011	0.000241365032867322	0.00030815266884307	0.000275499038895576
10	2011	0.000271037357130072	0.000433158428332501	0.000353150286018277
15	2011	0.000506859502471637	0.00196945925116536	0.00123917555391025
20	2011	0.00060885186772249	0.0028611782050714	0.0017282456271215
25	2011	0.000733396261590896	0.00278627195836044	0.00174615587781345
30	2011	0.000991797211602348	0.00299535440533891	0.00197257383453028
35	2011	0.00137295418279572	0.00350635837684569	0.0024121982745963
40	2011	0.00205426751337378	0.00454045438836395	0.00325600269896483
45	2011	0.00305439604539728	0.00617347770928405	0.0045493442557936
50	2011	0.00451863376205898	0.0087186501171589	0.00652269426683586
55	2011	0.00668066341244518	0.0123438465332525	0.0093639567620141
60	2011	0.0100848254787201	0.0174902735142046	0.0135682182689649
65	2011	0.0156546688170394	0.0255462283215669	0.0202314244512199
70	2011	0.0224978234585103	0.0372521393886497	0.0290936172259127
75	2011	0.038500307610956	0.0575947865862632	0.0465841331969992
80	2011	0.0670363147871621	0.0899414398401937	0.0761539210687626
85	2011	0.115018915872822	0.140445078150381	0.124520030574165
90	2011	0.186439253624479	0.203067251138861	0.192322312559598
0	2012	0.0132551511959286	0.0155997361324769	0.0144549428853476
1	2012	0.000538129668969831	0.000622341007147406	0.000581207873957652
5	2012	0.000234094086270805	0.000299679781928047	0.000267632450144096
10	2012	0.000264210837593014	0.000431327438290847	0.00034904055449487
15	2012	0.000509449733749648	0.00205117450052824	0.00128256113843233
20	2012	0.000595778447307364	0.00284703444968549	0.0017153958292815
25	2012	0.000717657420600476	0.00276167522895212	0.00172690281163937
30	2012	0.000975914262789755	0.00295290920282916	0.00194399839320022
35	2012	0.00135819934382923	0.00346374685802159	0.00238416053754828
40	2012	0.00203006029503699	0.00444854169213388	0.00319974778591537
45	2012	0.00301301803896205	0.0060605653041925	0.00447358328203509
50	2012	0.00440041879654112	0.00853005551229424	0.00636823478458447
55	2012	0.00659356085053954	0.0121554058664232	0.0092258669913104
60	2012	0.00988120238203934	0.0172309811743569	0.0133307813730321
65	2012	0.0153364404569494	0.0249969181091084	0.0198048558712394
70	2012	0.0220685199769523	0.0366022581870782	0.0285683734253525
75	2012	0.038023805781755	0.0565960406679134	0.0459038851618225
80	2012	0.0660269094153338	0.0887474253130314	0.0750570760340884
85	2012	0.114813291673848	0.140056491144047	0.124194745149171
90	2012	0.184565123351175	0.202103183756513	0.190757722259697
0	2013	0.0127739962637988	0.015423886097242	0.0141300443060711
1	2013	0.00052352802745317	0.000596499552960447	0.000560871299544203
5	2013	0.000224019775982907	0.000291712744554439	0.000258644590943455
10	2013	0.000262203811981436	0.000430450038066405	0.000347786253864526
15	2013	0.000497811882005736	0.00214270163871619	0.00132423496444093
20	2013	0.000582884723354758	0.00288455640807291	0.00172854009923116
25	2013	0.000704303483396776	0.00276163020877629	0.00172102471667905
30	2013	0.000963822100362139	0.0029200519660476	0.00192243853226264
35	2013	0.0013457346126232	0.00339603356241765	0.00234498047567195
40	2013	0.00197289100549321	0.00431779793075055	0.00310767341730047
45	2013	0.0029323419319545	0.00588872892965128	0.00434948427338919
50	2013	0.00426237931876802	0.00829024709467807	0.00617960951897595
55	2013	0.00643553740107225	0.0119224792927757	0.00902997581598703
60	2013	0.00961879660894056	0.0168988338891229	0.0130280748562937
65	2013	0.0148792591375241	0.0244096654738168	0.0192846601555375
70	2013	0.0215862462619859	0.0358205431848647	0.0279553735586227
75	2013	0.0373816707468154	0.0557085371753346	0.0451762636320466
80	2013	0.064792033122183	0.0868565530179423	0.0735537221448411
85	2013	0.114003210943995	0.13867211847715	0.123152861202842
90	2013	0.184321844879727	0.202870884287066	0.19082505389212
0	2014	0.0123718633393905	0.0148403103196573	0.0136350382860009
1	2014	0.000502667202939017	0.000569693132021594	0.000536978293585871
5	2014	0.000213595263759559	0.000274602430212032	0.000244801845989221
10	2014	0.000253562852628468	0.000412376752706705	0.000334507458815728
15	2014	0.000485000815960492	0.0021445902978721	0.0013205915942781
20	2014	0.000568483492377293	0.00284601969252999	0.00170309151597892
25	2014	0.000693089386871863	0.00272768682003835	0.00169944387158285
30	2014	0.000940557803253818	0.00284044051693942	0.00187251051254242
35	2014	0.00133030933373209	0.00329324834696821	0.00228707866919479
40	2014	0.00192869614350617	0.00420052928522191	0.00302878756773802
45	2014	0.00286913702121522	0.00574496857010499	0.0042483817556346
50	2014	0.00419400166739823	0.00814995685295332	0.00607530705479623
55	2014	0.00633669742985923	0.0117182139227676	0.00887896986188744
60	2014	0.00947677052924951	0.0167253029776475	0.0128644820792078
65	2014	0.0146651362453383	0.0240845623176976	0.0190145753633744
70	2014	0.0213470672329195	0.0354236340216313	0.0276495441308916
75	2014	0.0371436467953298	0.055097811837479	0.0447952572166353
80	2014	0.0641954095672538	0.0860640764978715	0.0728816758474164
85	2014	0.113643574994267	0.138495592922006	0.122855473627083
90	2014	0.186229617557647	0.206859987253588	0.193398486795255
0	2015	0.0117233358009031	0.0139510872067797	0.0128633872889541
1	2015	0.000497603843405669	0.00056385394843415	0.000531523610157047
5	2015	0.000209934306562295	0.00026320101971294	0.000237180095765507
10	2015	0.000250605192360582	0.000399745937070284	0.00032675791943684
15	2015	0.00047203179142977	0.00216484341167071	0.00132619690792883
20	2015	0.000567950130009549	0.0028753924161718	0.00171846960671951
25	2015	0.000689214456129607	0.00271670591156211	0.00169285345294152
30	2015	0.000926885914302246	0.002788359477964	0.00184105235317669
35	2015	0.0013252747738422	0.00319899003036607	0.00223864528171971
40	2015	0.00191561641493295	0.00408593875759456	0.00296717794521677
45	2015	0.00282490759925553	0.0056317653067292	0.00417206624201909
50	2015	0.0041694090555392	0.00801284877495748	0.00599609377672742
55	2015	0.00624819412207065	0.0115993632393858	0.00877360239801829
60	2015	0.00941486269765082	0.0167315795270259	0.0128285816911482
65	2015	0.0145379174710581	0.0241034279828805	0.0189480132592621
70	2015	0.021175638947047	0.0349956505517096	0.0273672658157238
75	2015	0.0368841513490415	0.0543738438965207	0.0443497466694559
80	2015	0.0639487612893094	0.0851623042669955	0.0723890369954633
85	2015	0.113072463372505	0.137658395033412	0.122180512142916
90	2015	0.188687920239193	0.21058102288878	0.196228972466238
0	2016	0.0112441653700822	0.0135205973397519	0.0124091232661057
1	2016	0.000482658039132429	0.000547895048028865	0.00051606012802238
5	2016	0.000202804625956757	0.000254574544624785	0.000229295321325133
10	2016	0.000244120631469099	0.000379603233180083	0.000313367344695055
15	2016	0.00046653646507089	0.00214515092977761	0.00131539525181774
20	2016	0.000560695295280403	0.00289378198862236	0.00172517101099002
25	2016	0.000670650802859736	0.00268515843763769	0.00166855316511309
30	2016	0.000903234177756624	0.00271249478754558	0.00179273160027578
35	2016	0.00129813036448878	0.00310993240598961	0.0021815195706889
40	2016	0.0018801837204144	0.00396177403582487	0.00288930355316909
45	2016	0.00276913102869272	0.00545824255628177	0.00406083791787735
50	2016	0.00410540216228509	0.00781993137467045	0.00587044792675991
55	2016	0.00613897417303654	0.0113042803424906	0.0085739829208881
60	2016	0.00934098078133144	0.0165607458082245	0.0127050233325653
65	2016	0.0143617906818095	0.0239560642409194	0.0187762112220789
70	2016	0.0209030466156008	0.034507055246693	0.0270010199312401
75	2016	0.0364720048033259	0.0536727922224078	0.0438231805970066
80	2016	0.0633300542074554	0.084518761697297	0.0717859630185064
85	2016	0.111580109134992	0.136130545446371	0.120666463901105
90	2016	0.190299559143387	0.213843239645728	0.1983476136475
0	2017	0.0118457403996224	0.0138348693738661	0.012863715851619
1	2017	0.000490680211321701	0.000550063955519368	0.000521083656793392
5	2017	0.000196982846615696	0.000251601177568536	0.000224941561485341
10	2017	0.000244127193706332	0.000364126766652861	0.00030549625760623
15	2017	0.000455357438602881	0.00208299015362052	0.00128021518482542
20	2017	0.000557609350752891	0.00287377991422719	0.00171512945491359
25	2017	0.000656820426420847	0.00262423261934667	0.00163202672975874
30	2017	0.000885300082678025	0.00263084755725137	0.00174428604743515
35	2017	0.00126506929479191	0.00301870070986003	0.0021204861400715
40	2017	0.00184222125357385	0.00383364674497096	0.00280809373275127
45	2017	0.00272302739757205	0.00529782126541753	0.00396083809869948
50	2017	0.00402321274511456	0.00765941016976272	0.00575135191609925
55	2017	0.00599354483113515	0.0110814293537621	0.00838941690311158
60	2017	0.00922338322135395	0.0164329561480826	0.0125794312033981
65	2017	0.0141235800508043	0.0237002180266519	0.0185197840392794
70	2017	0.0205736387689359	0.0339966389886845	0.0265915836765864
75	2017	0.035936673507818	0.0530386482350519	0.0432529318596678
80	2017	0.0625697982042192	0.0837252295000329	0.0710435754189944
85	2017	0.109264525517984	0.134126472285394	0.118452282287798
90	2017	0.188929447183116	0.215434512173449	0.19793032230377
0	2018	0.0115660615701648	0.0135786263750232	0.0125961118672796
1	2018	0.00047500172266825	0.000548496236715638	0.000512628272294209
5	2018	0.000195505270313915	0.000248054140372009	0.00022241249852167
10	2018	0.000239960725398453	0.000347598773313543	0.000295022901989037
15	2018	0.000446617361625855	0.00191994087257499	0.00119487559111281
20	2018	0.000556124308511958	0.00274528373722183	0.00165201727527514
25	2018	0.000644719598209975	0.00251330676859386	0.00157151250787609
30	2018	0.000868724351469502	0.00254425755574667	0.00169393646145791
35	2018	0.00123483820321334	0.00292157786050983	0.00205825244113301
40	2018	0.00179901836688201	0.00371469870311863	0.00272847662139115
45	2018	0.00265208163112524	0.0051087793614081	0.00383408401072333
50	2018	0.00392767109644891	0.00748051327322415	0.00561687786416938
55	2018	0.00586148485455785	0.010786702996587	0.00817883990577953
60	2018	0.00910904821087955	0.016143986391298	0.0123813984622388
65	2018	0.0139593239896324	0.0233861321914028	0.0182768538871936
70	2018	0.0202665618718869	0.033387336665686	0.0261473913239304
75	2018	0.0354036264134805	0.0522667739342522	0.0426250881213848
80	2018	0.06206141626521	0.0828584909899789	0.0704233050160332
85	2018	0.108082008616847	0.132574546138651	0.117121511420011
90	2018	0.189484833941721	0.216723711732269	0.198683310698221
0	2019	0.0111103224066213	0.0132675217298844	0.0122142516006901
1	2019	0.000453608731871651	0.000561001189870819	0.000508587059912377
5	2019	0.000199794835854554	0.000243222707605791	0.000222035871097871
10	2019	0.000235980942429496	0.000334704808808973	0.000286485622376721
15	2019	0.00043494563935497	0.00166243520131769	0.00105965218089672
20	2019	0.000563196357972924	0.00248868207339464	0.00152903372806701
25	2019	0.000649037758306511	0.00234412921090513	0.00149028211112217
30	2019	0.000866968182597344	0.00244345690282026	0.00164399084509165
35	2019	0.00122439416012776	0.00281326519263482	0.00200083941999951
40	2019	0.00179304912418174	0.00360208140826479	0.00267096818683157
45	2019	0.00262000457348761	0.00497435134113222	0.00375370134920245
50	2019	0.00387039092366506	0.00737330116016342	0.00553706178159526
55	2019	0.0058013197946986	0.0106650953251627	0.00808833815876149
60	2019	0.00902671271826711	0.0159239497138927	0.0122329184919654
65	2019	0.0139665044856012	0.0233002936618778	0.0182329517186817
70	2019	0.0200358084091665	0.0329968630644726	0.0258402760536951
75	2019	0.0350597318216265	0.0518617482735885	0.0422636281466819
80	2019	0.0618696550980123	0.0822478993861486	0.0700901170451768
85	2019	0.108013218777689	0.133128731071637	0.117280748146842
90	2019	0.189993298255459	0.2182456976121	0.199488869045786
